299
231
163
153
150
227
160
502
184
333
281
346
128
159
155
421
315
185
106
241
236
423
404
346
431
738
217
192
244
225
235
279
171
153
105
201
215
191
159
191
262
211
362
307
227
344
410
249
232
310
342
396
329
274
449
241
167
178
127
206
305
84
332
204
384
454
222
582
506
250
609
383
737
176
209
158
519
123
198
285
171
179
136
208
156
162
89
115
158
184
73
135
320
169
66
64
157
126
844
105
165
412
433
359
322
245
144
92
228
221
350
478
597
486
330
356
369
270
169
386
202
428
435
273
151
1226
1024
442
1118
1055
289
1311
946
507
125
558
499
179
264
135
250
194
877
492
895
994
319
276
706
217
351
1527
675
721
588
1112
762
630
637
430
589
1371
1485
196
1430
494
555
779
1117
287
450
428
1248
188
299
825
381
441
485
235
1064
890
888
666
836
1118
950
680
548
568
281
538
693
708
881
714
292
840
883
812
617
122
246
257
134
310
425
275
154
387
799
347
447
390
832
138
189
301
290
157
168
298
86
117
164
244
175
299
504
542
637
225
307
424
338
496
611
189
294
229
377
182
425
783
364
432
479
139
401
470
471
523
756
412
517
475
244
213
421
254
381
609
422
206
433
290
278
294
224
531
389
446
