871
538
428
338
432
406
288
344
338
395
651
641
272
212
268
734
489
258
158
315
206
155
890
772
615
452
235
189
526
425
497
414
418
259
255
325
409
429
322
321
374
350
458
354
226
582
681
378
324
384
340
279
210
438
816
403
281
298
217
335
453
146
437
339
232
1013
305
728
377
289
493
533
508
308
287
214
445
186
311
405
283
393
354
440
366
343
322
429
568
450
248
324
663
227
237
186
283
469
15
179
211
15
38
219
506
442
349
330
601
584
890
892
346
357
460
247
300
333
183
38
132
52
251
167
48
418
364
128
32
34
186
169
398
379
23
235
35
85
242
136
188
152
410
30
26
95
220
165
693
265
214
39
49
520
520
320
650
228
299
406
506
130
153
14
92
671
359
18
29
243
293
507
104
82
197
33
38
204
41
121
77
435
112
353
75
460
152
361
279
283
356
638
312
91
194
500
110
256
362
250
306
267
354
275
157
130
396
67
191
92
96
128
274
552
223
305
216
371
397
346
392
558
152
189
326
679
312
761
766
430
645
966
496
263
514
334
564
336
405
254
865
280
57
550
214
455
535
69
613
606
34
20
108
39
432
91
226
220
325
105
23
59
339
370
546
103
24
201
149
379
189
344
