1540
995
786
666
767
890
661
1293
763
1065
1271
1366
502
521
585
1597
1134
633
363
815
671
974
1691
1513
1482
1744
677
588
1020
955
965
910
811
579
491
722
897
843
644
698
913
806
1199
1020
699
1393
1549
867
815
996
1029
1037
864
1065
1779
930
645
681
504
802
1063
334
1203
801
927
1903
816
1864
1300
822
1533
1285
1811
672
723
576
1407
465
725
973
647
782
664
896
740
686
533
681
937
902
440
601
1306
605
377
347
592
754
1064
407
564
574
619
805
1158
943
688
556
1113
1057
1665
1888
1407
1255
1194
917
997
884
556
581
522
621
990
703
274
2422
1992
840
1474
1354
742
2107
2170
1312
209
1232
677
368
797
427
668
523
1911
658
1152
1398
784
607
2045
718
789
2015
1009
1915
1663
2213
2094
1288
1441
1193
1619
1994
2215
268
1981
1704
1330
1013
1516
781
1128
1229
1745
432
741
1095
569
979
801
543
1645
1858
1409
1369
1255
2240
1686
1563
1293
1268
876
1665
1489
1190
1524
1847
627
1663
1752
1469
1306
605
829
745
440
646
1206
487
464
629
1187
688
1056
1315
1588
592
544
938
996
725
781
1177
353
435
688
1210
673
1428
1804
1497
1830
1484
1168
1088
1242
1295
1757
751
992
722
1650
632
700
2007
907
1386
1507
339
1450
1532
662
682
1279
654
1388
752
691
655
1035
543
558
848
1178
805
1415
571
442
859
602
1350
902
1156
