2142
4848
50
12
11
0
1
0
0
0
0
2053
3014
41
9
9
2
0
0
0
0
0
24449
41392
943
118
143
37
11
0
0
1
0
6000
10686
220
26
28
6
2
0
0
1
0
5960
9748
189
16
28
8
0
0
0
0
0
2774
5928
97
17
12
3
0
0
0
0
0
1478
2512
31
5
10
0
0
2
0
0
0
11797
23471
479
59
83
16
0
0
0
0
0
26151
33125
688
102
155
32
0
2
0
0
0
5480
6601
128
13
29
9
2
0
0
0
0
37438
43519
1062
140
173
47
11
0
0
1
0
6159
14064
216
38
47
12
0
0
0
0
0
28877
36221
890
117
137
34
4
1
0
0
0
9130
16699
286
40
45
13
2
1
0
0
0
6939
9841
160
13
43
4
0
0
0
0
0
5437
10186
196
18
23
8
0
0
0
0
0
6648
10681
233
26
39
13
1
0
0
1
0
5199
10861
162
22
34
3
0
0
0
0
0
21968
25098
659
63
94
28
13
1
0
2
1
2672
5087
69
4
24
5
0
0
0
0
0
7606
13207
249
33
42
14
0
0
0
0
0
4744
9617
187
15
15
11
0
0
0
0
0
31299
31798
895
114
166
32
21
0
0
2
0
9662
12135
284
26
59
10
1
0
0
0
0
119390
98714
2234
323
549
106
39
4
0
1
0
4524
9893
142
18
25
1
0
0
0
0
0
3570
4600
67
4
21
4
0
0
0
0
0
28683
30502
796
64
151
31
9
0
0
0
0
6693
12102
240
31
49
11
1
0
0
0
0
5883
17037
261
38
56
13
14
0
0
0
0
7750
10378
285
28
49
11
0
0
0
0
0
5490
12731
145
24
32
15
0
0
0
0
0
94212
47639
1873
221
456
104
43
0
0
2
0
10901
20657
490
55
79
23
4
0
0
0
0
5373
9759
152
31
33
11
4
0
0
0
0
2493
4216
54
8
14
4
0
0
0
0
0
14072
14815
365
35
102
20
10
1
0
1
0
31995
47372
1113
108
213
44
9
6
0
1
0
83686
56823
2064
219
494
90
37
0
0
1
0
3002
7436
142
21
24
5
1
0
0
0
0
187915
165741
5495
490
957
241
192
2
1
13
1
672
862
17
2
4
0
0
0
0
0
0
2288
3946
65
9
12
3
0
0
0
0
0
16367
35482
573
78
113
27
8
2
0
0
0
8795
7916
134
9
40
4
2
0
0
0
0
20918
31541
690
84
119
22
0
0
0
1
0
48220
76982
1511
133
263
57
27
1
0
3
0
842
2109
27
11
8
4
0
0
0
0
0
2632
4304
56
8
13
2
0
0
0
0
0
223952
263863
4462
551
1149
242
28
0
0
7
2
6107
8321
154
28
34
10
1
0
0
0
0
20465
16286
511
43
131
22
4
0
0
0
0
6802
10207
143
21
57
19
5
0
0
0
0
7375
13267
303
37
51
13
3
0
0
0
0
4316
8117
125
22
24
2
1
0
0
0
0
20493
27675
701
67
116
21
11
0
0
4
0
1967
6648
111
10
16
2
1
0
0
0
0
32975
52710
1086
143
193
41
0
0
0
0
0
9703
21815
428
67
56
17
14
0
0
0
0
1628
4171
11
38
11
0
0
0
0
0
0
45643
45133
1219
134
269
37
9
0
0
0
0
7873
18857
331
28
56
11
5
0
0
0
0
434148
325971
7282
731
1746
331
127
3
0
11
1
4944
8892
166
27
25
8
0
0
0
0
0
3475
8253
134
11
26
8
0
0
0
0
0
1391
2358
30
8
13
4
0
0
0
0
0
3214
8928
135
21
28
3
0
0
0
0
0
1342
3466
39
12
11
4
0
0
0
0
0
4743
9779
177
23
26
8
1
0
0
0
0
64705
100913
2315
215
367
112
76
3
0
7
0
2911
5342
70
10
5
4
2
0
0
0
0
5166
9670
121
29
25
7
0
0
0
0
0
51088
50785
1007
160
231
76
0
0
0
2
0
31363
59185
1109
134
213
59
1
0
0
0
0
9262
18127
416
49
63
18
0
0
0
1
0
5966
16194
213
22
40
11
0
0
0
0
0
1589
3090
40
10
12
4
0
0
0
0
0
15347
23149
524
82
98
20
3
0
0
1
0
8712
20297
327
41
54
11
2
0
0
1
0
16803
21591
504
60
91
14
2
0
0
1
0
157136
56241
1956
195
651
101
128
0
0
10
0
597170
264553
6567
1088
2463
542
70
3
0
13
0
5838
12102
259
20
42
4
0
0
0
0
0