10085
4213
304
51
3093
452
38
4
260
21
3
1
362
43
5
1
280
35
2
0
2653
499
65
9
4002
1051
128
19
1010
135
8
2
1470
191
18
5
16640
6350
599
122
2580
1063
88
8
3542
873
83
20
10121
4737
426
42
4174
725
97
19
1740
226
27
7
2844
373
48
4
3813
855
97
11
2848
632
78
12
2636
1025
56
9
3507
870
74
8
5090
786
117
17
3926
2744
124
23
2931
1082
108
30
6524
2497
157
13
871
141
20
2
2335
651
97
11
10984
5544
348
62
119159
150350
5442
1589
883
105
11
4
2359
693
82
14
1437
276
11
4
1229
189
22
6
2163
399
39
1
7445
3385
238
51
1016
161
18
5
933
133
9
1
893
215
10
3
375
20
7
0
1016
229
13
1
16189
7681
504
76
4309
1118
106
33
1615
282
31
6
494
34
6
2
1264
175
30
1
4769
686
82
13
376
59
7
0
2786
648
67
10
2616
1016
84
14
1518
647
64
4
2822
701
81
13
3544
763
57
5
476
49
4
1
1563
268
43
3
3721
905
71
11
70092
82293
3706
1124
13071
3692
344
56
407
38
5
0
370
75
9
0
11940
3478
347
54
275
17
10
0
3419
743
95
25
2113
386
58
1
1437
359
32
4
2428
921
74
9
1857
409
37
2
5649
2490
176
40
1071
322
36
0
1321
199
24
1
4157
752
100
12
3462
480
64
6
12186
3260
227
48
2291
530
58
8
4525
811
116
18
3073
996
57
8
744
84
13
1
3631
1986
153
10
51979
41206
2488
520
9108
3331
296
51
10952
4196
321
55
6490
2438
214
57
2292
340
40
12
1322
343
33
2
642
72
15
2
2561
532
68
4
2308
624
48
9
377
45
5
0
1180
1122
23
54
1901
412
27
4
8583
3554
276
54
3055
1022
123
18
1511
335
30
0
438
59
5
1
5337
1630
176
18