515
15
529
484
18
548
445
17
583
494
13
705
701
16
823
660
21
691
588
11
886
468
14
563
661
20
676
646
15
722
489
8
698
375
15
453
363
14
546
436
17
542
382
18
537
496
17
687
932
43
873
503
13
938
428
30
461
702
36
871
539
9
648
567
21
1054
607
20
584
249
11
481
5
0
14
227
14
510
266
19
498
151
26
352
216
16
383
142
21
365
129
14
363
184
22
595
89
8
305
119
10
347
174
7
737
176
26
700
84
6
269
68
12
396
100
12
500
112
15
528
199
6
270
230
14
857
265
21
888
117
13
504
189
2
231
382
2
548
649
15
573
39
2
94
61
1
192
660
13
996
583
11
563
1179
23
842
743
8
624
823
17
484
880
7
775
856
10
454
1051
23
618
860
14
617
684
13
882
791
10
540
323
7
273
575
3
523
782
15
655
639
12
664
622
4
439
839
14
676
1095
11
684
732
21
570
537
12
444
362
8
473
359
6
245
334
6
268
543
13
667
739
21
572
745
13
554
667
11
398
629
15
478
1192
29
767
490
6
305
955
13
712
966
12
670
912
4
597
0
0
0
0
0
0
1613
33
1706
0
0
0
529
10
495
1570
33
1258
838
13
726
547
7
716
527
4
721
548
10
442
835
23
811
616
9
577
598
10
705
332
2
617
517
12
601
626
15
975
672
12
862
305
4
418
600
10
844
164
9
386
329
1
369
375
7
627
663
0
863
834
12
1034
0
0
0
354
5
515
378
3
443
0
0
0
527
7
354
527
8
338
542
5
300
550
7
412
602
8
381
240
5
281
174
4
140
726
9
854
901
23
693
775
9
431
892
15
833
476
8
340
459
7
414
521
12
420
381
5
356
705
6
457
756
3
485
891
16
775
502
6
351
261
2
201
300
4
245
449
5
370
658
11
460
388
6
258
826
7
405
627
9
242
483
8
196
480
5
349
348
7
179
269
3
290
133
3
84
171
4
400
1090
11
610
812
18
411
841
10
360
819
19
462
606
11
432
427
4
485
0
0
0
1162
20
1497
280
3
330
657
16
576
7
1
17
620
5
509
0
0
0
575
3
774
530
12
690
251
4
317
461
11
507
380
7
541
503
13
563
845
17
729
16
0
38
654
20
464
757
18
527
170
4
215
384
10
549
623
13
548
537
14
468
514
6
442
51
0
128
202
6
388
0
0
0
700
9
498
690
11
575
907
5
508
525
9
459
111
3
70
1110
20
1136
688
17
644
369
3
552
516
4
599
644
2
782
487
3
548
421
2
479
469
2
662
324
0
401
959
11
1173
52
2
50
479
15
745
341
9
841
71
0
143
537
17
627
572
11
594
685
11
848
0
0
0
228
3
198
407
7
504
433
5
603
372
8
379
0
0
0
1132
15
468
681
9
516
515
6
469
612
13
430
424
7
362
681
13
419
860
12
385
922
11
551
868
18
564
920
30
753
601
16
451
825
12
607
1316
24
778
725
9
515
391
6
370
568
16
377
852
12
580
1153
18
616
1498
36
946
1483
20
620
1034
25
603
122
6
71
699
15
346
670
7
798
136
5
112
0
0
0
845
21
480
939
11
687
875
20
480
991
36
1109
1241
17
514
1239
14
923
360
11
797
504
7
930
0
0
0
97
8
349
74
6
445
136
12
1273
278
0
619
0
0
0
1062
19
679
910
18
682
1143
14
475
1423
25
579
814
13
525
0
0
0
0
0
0
0
0
0
0
0
0
605
3
643
9
1
25
543
21
713
8
0
22
56
2
96
555
14
705
542
17
496
460
9
633
596
10
409
860
10
439
0
0
0
796
23
741
0
0
0
617
14
624
475
14
541
490
16
686
440
7
227
477
7
324
662
19
731
435
11
521
341
7
558
12
0
12
2
0
24
291
14
706
406
6
426
623
8
757
0
0
0
20
1
52
634
13
957
383
7
826
29
5
85
429
8
685
288
4
467
914
19
858
483
11
989
351
8
462
384
12
674
313
10
504
743
23
908
119
4
153
278
13
684
9
0
6
51
1
138
1669
28
1235
670
17
1197
738
24
935
45
1
116
801
21
624
6
0
20
9
0
22
427
7
668
6
0
20
0
0
0
14
0
26
506
11
675
44
1
54
397
8
648
20
1
34
484
8
398
559
23
735
406
4
384
14
1
38
456
10
487
0
0
0
341
6
348
437
10
378
516
15
656
481
10
249
521
9
235
967
17
441
724
8
323
0
0
0
196
5
83
0
0
0
890
13
411
69
4
465
82
3
461
188
13
938
426
8
171
1087
25
482
716
16
1094
480
11
686
480
8
282
618
16
332
593
6
253
316
5
217
745
9
218
594
7
349
712
15
349
468
6
228
737
11
432
6
0
10
453
11
294
440
4
161
1035
12
311
63
2
19
864
10
1559
735
22
1510
328
1
375
263
2
328
397
1
535
0
0
0
26
1
47
817
10
725
671
11
553
656
7
834
631
17
942
412
4
377
376
5
456
490
5
433
412
9
275
557
10
510
676
6
699
459
7
444
681
7
762
316
1
260
677
10
763
581
14
567
395
0
636
801
18
801
356
5
409
352
5
351
421
3
383
308
3
283
430
4
484
346
0
488
393
7
460
687
11
587
1062
19
740
314
7
359
574
4
454
521
4
526
758
12
606
483
4
605
445
9
468
1
0
10
64
4
223
20
0
45
0
0
0
152
8
309
513
12
674
0
0
0
1264
36
1242
799
13
1011
0
0
0
0
0
0
900
14
870
87
5
226
529
13
532
18
0
57
0
0
0
310
9
418
8
0
34
6
0
8
0
0
0
7
0
8
0
0
0
0
0
0
0
0
0
462
7
536
507
12
563
920
25
926
1158
22
804
101
3
322
504
15
511
808
27
497
470
16
998
448
14
861
595
6
619
0
0
0
0
0
0
641
8
406
1
0
11
0
0
0
839
15
566
7
0
14
396
19
291
442
10
563
1575
33
1431
732
13
708
432
5
546
1068
26
914
98
4
136
86
5
154
23
0
23
20
0
23
63
1
128
275
4
389
164
1
372
251
9
672
732
21
655
376
10
294
449
9
492
396
8
274
524
8
590
551
8
406
817
21
612
560
2
730
616
3
651
505
17
492
801
24
681
364
11
219
535
9
432
616
13
736
32
1
36
11
1
30
0
0
0
149
1
112
478
4
442
1757
38
1856
157
8
279
672
10
383
598
13
500
0
0
0
687
9
733
464
6
386
533
5
582
734
13
590
538
7
201
627
10
228
111
2
55
1069
12
563
450
7
323
183
7
388
331
8
584
339
13
701
598
11
703
897
17
586
590
9
327
529
13
378
0
0
0
847
14
448
811
16
509
310
1
380
7
0
32
506
8
441
476
6
431
665
12
395
435
6
338
664
12
447
577
11
353
423
6
362
363
2
315
0
0
0
0
0
0
0
0
0
641
21
728
258
11
222
620
14
367
506
9
298
489
8
240
793
18
720
654
15
577
516
2
710
479
2
528
489
2
494
567
6
295
460
0
251
525
5
257
447
8
225
104
0
49
412
4
417
361
3
136
520
1
252
29
1
18
657
13
360
59
1
20
279
6
256
611
8
587
423
3
464
516
7
402
727
6
305
141
0
71
627
9
311
445
15
269
460
8
279
0
0
0
11
1
32
14
0
3
173
5
117
203
2
167
48
2
41
0
0
0
211
6
243
601
13
282
859
17
314
599
11
311
787
14
376
448
3
294
56
3
90
72
1
98
27
0
30
495
8
272
847
6
335
455
9
338
742
22
536
161
0
179
0
0
0
0
0
0
781
3
93
625
5
48
54
0
14
44
1
25
15
0
14
0
0
0
788
11
267
950
13
272
988
8
292
825
8
259
580
4
109
614
3
53
337
4
147
490
5
156
837
9
254
322
1
64
53
1
69
910
6
107
39
0
11
403
3
30
475
5
227
1039
11
651
550
10
272
1155
18
422
718
11
326
664
8
344
982
9
219
496
3
65
385
3
183
0
0
0
309
3
206
277
3
205
779
9
213
324
2
169
472
5
161
517
3
253
517
1
95
961
9
227
933
6
227
632
3
161
567
5
230
803
22
300
544
3
153
764
10
282
802
11
301
404
8
179
702
8
248
288
3
103
543
5
212
295
7
96
311
7
96
290
9
122
269
3
78
420
6
144
603
7
170
914
9
327
213
0
26
540
6
165
492
3
148
651
9
186
630
15
151
380
3
136
454
4
164
283
2
125
258
4
160
110
1
22
829
13
295
675
11
230
987
7
277
82
0
20
557
5
135
38
1
21
147
2
44
0
0
0
941
11
256
927
15
354
681
3
284
782
5
263
687
12
263
506
9
172
1104
11
503
349
2
81
175
1
32
72
0
24
355
4
88
86
2
24
821
5
180
499
9
146
551
6
126
55
0
38
522
6
185
301
6
149
271
4
94
1184
15
472
53
2
18
417
9
170
751
15
363
82
1
35
910
3
102
476
11
474
694
9
453
626
10
381
907
11
444
428
3
234
0
0
0
0
0
0
81
3
84
381
4
155
350
4
112
0
0
0
187
1
22
0
0
0
697
5
161
97
0
42
0
0
0
643
8
273
731
5
308
549
6
345
729
6
677
355
3
113
630
7
275
494
8
378
403
8
464
850
11
561
289
2
121
579
10
265
629
3
249
280
1
142
514
3
176
390
6
178
363
6
262
420
7
359
422
3
454
242
1
267
675
3
493
729
4
622
381
4
248
351
8
179
670
8
330
756
6
383
673
4
375
710
5
372
738
11
388
500
6
231
514
10
284
646
9
354
0
0
0
194
2
187
0
0
0
0
0
0
474
10
407
639
5
437
0
0
0
344
3
191
617
7
343
810
21
464
339
3
282
287
5
194
572
6
284
582
8
413
185
2
247
126
2
206
213
10
263
339
3
213
517
4
261
334
8
184
322
3
169
647
11
309
620
4
274
65
1
37
435
6
134
286
7
80
580
9
279
858
12
553
600
9
411
445
6
262
449
7
364
299
4
228
477
5
343
0
0
0
477
9
297
0
0
0
542
11
238
612
12
293
453
5
336
533
7
355
487
6
390
441
9
356
554
10
514
650
6
367
562
14
379
465
4
306
179
3
164
280
11
174
332
4
252
383
4
240
355
9
230
239
2
121
646
3
264
718
11
194
594
2
304
471
7
184
417
7
161
632
12
260
569
3
229
584
9
511
175
3
186
184
3
234
0
0
0
350
6
197
425
4
204
485
9
276
451
7
353
387
11
196
750
7
291
253
9
93
701
8
305
13
0
14
646
11
395
669
19
515
739
12
469
337
4
193
556
8
237
438
12
108
283
4
202
469
7
368
1005
6
388
829
12
441
437
9
241
336
5
140
654
10
367
432
9
335
406
5
284
373
8
226
540
4
247
461
5
199
283
3
177
955
7
485
459
8
310
41
4
48
274
4
186
0
0
0
0
0
0
405
6
513
915
17
986
118
2
156
386
4
734
578
15
592
366
9
314
620
7
891
381
6
341
578
3
496
395
6
313
357
4
271
879
12
489
498
6
211
572
15
351
520
11
365
279
6
214
497
8
408
563
8
340
160
1
215
877
11
778
724
18
627
795
8
618
765
9
598
775
13
477
407
10
406
294
6
351
534
12
407
257
3
531
35
3
56
393
5
532
1444
26
1177
562
7
585
435
3
428
0
0
0
849
12
891
38
0
137
932
10
749
18
0
22
449
9
772
203
4
335
656
14
620
372
1
479
967
17
990
503
5
491
609
18
600
379
4
497
391
1
444
1182
19
1180
590
10
619
1273
25
989
587
10
419
514
4
370
710
7
595
1010
19
775
526
11
515
643
11
449
823
18
694
624
9
579
682
5
496
642
4
684
670
10
577
648
14
497
823
18
472
98
0
59
643
15
299
645
12
382
131
6
41
943
20
627
1027
20
1200
399
4
388
652
12
430
373
7
378
167
0
224
0
0
0
522
12
428
579
8
301
352
5
436
355
9
336
364
8
318
556
8
515
367
3
462
487
8
608
421
3
401
550
12
453
697
8
607
710
13
573
760
13
526
731
19
524
618
7
567
278
2
355
613
8
550
600
9
467
532
7
585
546
7
526
659
7
643
1051
12
1035
527
8
501
324
8
414
373
16
292
411
4
261
508
6
470
789
19
653
515
20
590
364
7
267
450
8
354
916
18
657
545
7
404
483
7
483
474
6
685
236
3
363
212
5
304
514
11
384
453
7
316
348
9
236
351
5
314
839
14
526
379
9
348
570
8
471
155
0
93
307
3
303
516
7
382
802
16
490
584
9
333
431
8
188
458
6
233
822
9
689
586
6
480
341
3
302
986
15
485
163
4
310
267
7
185
288
5
185
496
7
428
849
14
782
454
6
509
505
5
393
792
16
790
334
10
330
705
13
606
118
1
80
861
5
555
854
18
746
364
3
527
423
3
458
915
11
1336
283
3
256
1165
17
761
591
5
553
655
15
516
1047
16
743
734
9
569
1278
24
999
434
2
355
1320
16
989
1009
11
741
575
14
324
761
10
567
699
5
499
948
13
769
855
17
831
629
15
544
638
14
292
534
11
390
574
8
445
428
3
303
384
2
396
530
8
271
754
11
326
565
13
280
394
8
240
655
11
271
651
8
242
266
5
113
448
9
197
323
6
519
371
9
840
438
9
563
658
16
661
244
12
454
538
19
587
166
4
178
587
13
715
299
4
531
200
8
398
1516
32
1395
432
15
299
559
8
368
534
11
401
629
11
552
657
7
646
538
18
561
705
13
574
1045
18
828
1120
9
829
706
15
627
490
10
299
552
16
357
776
20
644
627
11
631
0
0
0
852
17
701
121
3
71
511
5
460
204
4
128
72
6
49
0
0
0
306
4
154
743
7
473
256
3
166
556
21
249
0
0
0
335
11
215
945
11
449
0
0
0
620
4
592
15
0
6
1446
22
771
167
0
110
525
9
324
431
9
229
338
12
161
432
10
233
843
10
459
502
10
274
447
8
318
541
8
303
491
9
323
0
0
0
787
7
1653
0
0
0
336
6
844
12
1
22
377
10
738
20
0
31
245
14
666
353
9
624
385
17
471
274
6
458
446
17
810
335
9
665
310
12
648
212
2
473
287
8
660
647
10
651
353
5
396
400
10
349
461
18
458
475
14
689
452
14
659
239
13
444
502
10
880
644
12
743
546
8
916
426
13
768
306
3
762
109
5
116
355
9
494
493
11
484
575
24
981
751
19
1018
246
4
649
245
2
401
497
18
953
565
16
888
717
22
1217
389
5
663
509
22
833
419
9
666
347
11
448
399
9
541
459
12
450
784
23
894
285
10
266
662
13
666
737
11
568
380
6
419
697
20
903
487
11
391
476
7
497
311
1
330
448
7
407
373
1
486
345
0
377
311
3
289
508
10
593
225
4
174
955
10
925
418
6
537
342
9
539
493
6
487
404
6
272
524
13
465
624
8
548
439
8
354
466
5
403
402
6
434
419
17
374
194
5
195
342
6
439
449
8
456
338
3
278
532
12
559
412
9
320
519
10
427
287
0
351
613
14
636
747
13
589
663
13
582
518
10
502
60
1
44
695
15
495
483
10
453
262
2
237
454
8
625
503
8
479
440
8
435
410
7
380
352
7
350
482
5
325
790
17
651
41
2
19
377
4
348
569
12
520
15
0
23
866
11
523
1056
14
901
521
16
508
652
11
570
468
9
461
0
0
0
0
0
0
0
0
0
35
0
25
213
5
648
406
16
950
461
13
650
301
22
499
288
7
614
494
15
789
340
16
489
384
17
803
335
11
642
306
15
793
310
15
830
97
2
40
496
19
748
218
7
655
113
3
305
237
12
500
378
15
999
215
5
435
339
16
595
374
8
644
289
7
829
376
9
820
371
16
556
110
5
360
436
27
915
217
7
349
318
5
497
222
8
608
199
3
500
267
7
429
140
4
388
157
11
343
167
6
310
155
3
286
165
4
280
229
5
301
353
9
301
135
4
124
445
11
457
514
17
342
134
12
361
232
9
712
183
21
342
220
17
750
83
2
443
292
23
928
67
5
376
31
5
342
76
1
233
52
2
190
156
13
295
327
13
321
100
7
96
203
24
1264
264
23
1270
101
8
741
123
3
695
99
9
514
41
1
381
9
1
82
98
1
29
168
19
347
5
0
47
12
0
24
75
10
750
18
1
101
10
2
114
11
0
97
22
1
97
16
2
103
125
5
92
18
1
99
154
15
323
168
19
1155
179
22
1024
124
13
337
136
21
515
104
6
341
188
20
524
0
0
0
131
17
279
36
4
178
4
0
42
30
2
164
2
0
11
27
3
332
41
0
247
16
2
137
20
1
171
181
11
512
65
0
48
18
2
219
23
1
133
37
5
195
94
9
564
51
1
240
215
15
434
157
10
423
221
10
448
241
12
770
217
12
875
124
11
781
10
0
94
6
0
15
29
5
126
76
7
323
144
9
387
36
0
132
69
8
551
119
7
564
13
0
84
3
0
15
24
4
61
4
0
18
8
1
63
49
4
576
95
3
395
30
2
86
45
4
470
110
4
505
1
0
35
0
0
0
169
8
480
158
6
530
336
28
893
109
1
247
260
19
610
274
24
714
320
15
802
233
19
523
189
12
483
116
8
321
243
17
449
196
14
488
272
21
470
392
36
701
68
2
202
78
4
185
114
3
270
175
4
260
406
18
1087
470
17
1168
318
10
556
375
9
758
207
5
626
81
1
44
230
19
554
139
16
389
211
13
541
136
18
410
184
12
790
68
5
269
341
10
763
69
7
153
318
12
777
219
12
463
319
12
967
250
17
830
82
2
258
242
3
501
90
2
346
15
0
28
108
7
227
239
9
109
36
2
124
92
2
239
72
3
112
71
6
115
67
1
165
96
3
163
17
1
69
4
0
24
0
0
0
22
1
73
133
5
256
100
6
278
5
0
50
53
0
24
14
0
29
17
1
56
13
0
6
13
0
49
481
17
1119
201
8
433
405
16
740
420
10
833
291
7
638
783
26
1754
361
9
812
394
16
996
238
12
629
121
3
262
320
5
720
95
8
316
201
10
476
261
8
624
412
5
954
445
12
967
336
12
813
339
11
1009
539
11
1182
13
0
20
56
8
336
19
3
349
5
0
17
188
14
753
15
0
27
162
5
585
129
3
265
110
3
203
14
0
109
80
4
398
52
0
171
0
0
0
98
2
244
0
0
0
0
0
0
0
0
0
3
2
8
127
4
240
2
0
20
128
2
312
299
12
700
243
12
377
0
0
0
0
0
0
0
0
0
0
0
0
0
0
0
319
4
190
16
1
39
43
2
44
4
0
22
165
3
18
0
0
0
0
0
0
307
7
281
376
11
333
446
13
394
457
15
452
428
8
376
499
13
561
160
3
136
567
11
423
420
9
378
0
0
0
0
0
0
0
0
0
0
0
0
0
0
0
0
0
0
0
0
0
23
0
40
5
0
9
10
1
9
0
0
0
396
6
160
501
9
308
880
25
396
0
0
0
248
3
106
688
8
522
246
2
128
725
17
452
568
6
297
249
5
173
723
9
458
19
1
9
594
36
357
709
24
246
612
7
434
540
7
397
370
3
312
722
14
565
426
8
317
238
3
142
724
9
606
359
7
278
331
5
219
609
9
338
352
7
122
462
13
170
277
0
168
300
6
184
0
0
0
488
20
292
675
21
537
277
11
246
89
0
61
140
3
154
0
0
0
245
3
184
613
27
434
561
25
366
789
26
522
0
0
0
0
0
0
233
3
139
0
0
0
435
10
190
523
8
362
52
0
19
205
2
88
173
1
132
174
0
172
301
9
252
403
12
251
649
22
496
756
21
1026
216
10
140
254
2
295
209
3
275
596
16
393
200
3
270
217
7
112
338
5
293
386
5
343
310
8
278
270
4
231
457
4
514
515
16
349
728
20
829
204
2
297
332
15
445
452
16
392
600
17
590
309
14
188
247
7
175
1048
18
1085
592
15
512
436
12
402
0
0
0
613
13
322
326
0
243
0
0
0
0
0
0
1080
31
1107
178
7
167
76
0
70
0
0
0
85
2
61
505
13
506
32
0
59
0
0
0
0
0
0
485
14
488
828
22
935
254
9
161
342
9
170
33
2
17
164
3
106
705
13
307
332
6
142
910
20
286
725
20
334
182
10
100
633
15
255
54
1
21
15
0
14
761
11
377
621
6
243
589
10
206
379
6
211
367
13
193
8
0
11
559
20
379
290
7
125
598
10
435
671
24
512
211
5
77
148
6
150
219
14
186
338
17
212
348
16
291
0
0
0
140
0
61
874
26
890
299
2
86
475
14
215
320
16
219
334
8
215
7
0
8
242
5
201
426
16
210
502
18
391
745
31
544
597
16
412
0
0
0
464
16
436
171
4
88
282
12
323
52
2
35
304
14
269
318
12
226
353
10
311
0
0
0
0
0
0
633
29
862
617
11
456
895
45
794
330
9
317
513
18
420
312
8
236
761
31
535
568
30
522
0
0
0
11
0
21
344
15
242
125
9
117
39
2
19
0
0
0
0
0
0
813
16
304
0
0
0
0
0
0
0
0
0
418
12
201
36
1
12
379
10
304
768
11
306
173
7
104
376
3
182
413
3
139
493
21
145
482
11
291
284
15
146
390
6
286
354
14
278
664
29
375
551
12
320
176
6
124
617
13
294
0
0
0
637
31
432
595
15
370
461
18
134
424
11
434
420
3
533
80
0
73
462
18
281
454
15
313
691
17
457
763
20
572
11
1
28
507
5
436
327
9
289
808
12
1028
731
11
859
111
6
130
45
1
91
0
0
0
0
0
0
6
0
20
715
9
339
0
0
0
682
30
477
177
1
133
425
4
138
0
0
0
404
6
136
148
4
13
8
0
12
8
0
17
135
4
340
95
4
139
46
0
19
13
0
28
170
6
486
332
13
475
591
39
1085
225
12
467
488
22
1017
401
9
483
195
0
247
74
3
232
393
6
431
452
22
833
59
3
75
111
4
217
437
27
730
229
12
367
0
0
0
17
1
47
6
0
7
58
4
160
19
1
36
315
13
528
0
0
0
6
0
22
34
1
68
24
1
47
10
0
7
0
0
0
74
2
148
3
0
12
0
0
0
413
7
377
9
0
2
16
1
11
319
4
282
35
3
36
13
0
14
4
0
8
25
1
23
273
11
491
118
4
214
522
9
704
390
14
527
42
0
87
438
11
577
52
3
111
227
6
387
118
1
205
404
11
480
186
5
348
12
4
21
78
1
147
41
0
103
152
3
225
381
15
495
101
3
269
286
8
449
246
12
346
311
14
582
13
0
24
2
0
24
365
13
390
42
0
79
66
2
101
590
14
706
165
1
213
408
12
710
323
9
506
139
9
201
81
0
139
369
5
434
172
1
245
515
16
629
233
8
348
0
0
0
0
0
0
3
0
9
217
6
333
95
2
175
355
5
479
86
5
222
0
0
0
11
0
15
198
1
254
0
0
0
0
0
0
0
0
0
0
0
0
301
13
426
0
0
0
26
1
28
53
1
139
14
0
6
0
0
0
0
0
0
0
0
0
0
0
0
0
0
0
0
0
0
0
0
0
0
0
0
0
0
0
0
0
0
0
0
0
0
0
0
0
0
0
0
0
0
0
0
0
0
0
0
0
0
0
0
0
0
0
0
0
0
0
0
0
0
0
0
0
0
0
0
0
0
0
0
0
0
0
0
0
0
0
0
0
0
0
0
0
0
0
0
0
0
0
0
0
0
0
0
0
0
0
0
0
0
0
0
0
0
0
0
0
0
0
0
0
0
0
0
0
0
0
0
0
0
0
0
0
0
0
0
0
526
13
281
143
5
48
0
0
0
194
4
123
264
2
168
78
3
107
741
28
419
375
12
228
432
19
293
409
9
287
338
11
154
577
15
379
22
0
11
846
28
469
297
2
125
557
7
307
130
4
22
0
0
0
334
8
212
235
5
112
485
11
302
599
14
367
169
5
136
354
11
210
292
4
301
377
6
301
0
0
0
0
0
0
386
14
376
211
4
265
414
15
287
89
2
40
529
20
379
678
15
500
486
5
536
349
11
308
400
16
322
534
11
531
280
8
276
0
0
0
100
5
82
453
12
498
505
16
562
350
16
406
632
14
655
340
10
448
472
14
631
537
16
816
0
0
0
323
6
598
621
25
766
578
28
824
564
5
749
472
15
698
823
31
1066
0
0
0
732
22
821
698
17
594
297
3
297
393
11
273
383
15
313
553
14
393
755
16
778
604
18
639
252
6
222
168
3
172
232
1
305
115
6
130
918
20
977
58
2
72
274
9
208
0
0
0
0
0
0
0
0
0
0
0
0
0
0
0
218
8
162
55
0
24
15
0
11
5
0
10
336
5
272
93
2
65
319
10
292
435
14
357
54
2
41
396
16
461
8
1
33
289
10
783
181
2
535
357
8
613
462
22
906
480
22
958
299
8
646
291
13
731
402
10
947
29
4
47
380
20
843
11
0
15
304
12
717
21
1
59
36
0
88
67
0
107
164
4
127
581
19
465
17
1
13
559
21
490
177
4
119
27
0
55
288
14
275
233
8
192
177
0
139
125
3
92
52
1
45
14
0
16
0
0
0
20
2
20
11
0
6
200
0
32
179
9
563
120
4
155
24
2
74
85
0
57
1
0
14
13
0
12
0
0
0
10
1
35
20
0
34
0
0
0
0
0
0
0
0
0
0
0
0
0
0
0
0
0
0
0
0
0
0
0
0
0
0
0
0
0
0
0
0
0
0
0
0
0
0
0
0
0
0
0
0
0
0
0
0
0
0
0
0
0
0
0
0
0
0
0
0
0
0
0
110
8
389
26
0
150
94
2
324
121
7
336
99
2
408
172
11
934
113
10
395
37
1
142
17
2
261
67
0
61