877
4885
2146
6685
6844
1603
5055
1765
17826
1457
1890
8682
10787
1440
5201
1984
1934
143621
1917
2204
19120
7209
8874
964
123873
1944
1194
7011
12137
1968
82005
3980
1113
994
1350
1320
1691
758
3537
1053
6734
3020
21566
2523
11685
1841
30696
33575
1648
25040
3566
13280
881
1776
5074
1451
39215
688
1643
4078
1370
3413
870
1595
2758
1355
14158
1606
1371
6136
4133
3878
3346
3359
1795
28828
52298
23842
6231
3103
1027
649
15685
3684
5942
1524
10030
907
0
35
13
28
11
20
6
0
0
0
18
0
0
9
0
14
21
211
0
17
99
15
53
0
540
18
0
46
0
0
138
18
9
0
11
0
9
18
20
0
17
20
126
0
76
21
91
121
11
37
21
99
0
7
0
0
0
3
10
12
0
14
7
12
12
0
61
0
13
40
3
28
0
23
8
169
99
41
36
29
7
4
205
0
23
17
89
0
3467
10394
5932
6796
1838
5196
4813
4471
26949
2846
5164
9368
24264
3812
7477
5034
4725
40412
5672
4825
20793
4039
12240
2690
36950
3171
4734
13819
23378
4422
44645
12108
3050
2024
2248
3147
2571
2358
4257
4228
4787
7667
19351
8885
18197
5316
16522
11832
3446
12122
5373
13685
3786
6161
12770
1331
28604
3287
4977
6018
1865
2598
1970
2166
4963
1278
8837
5548
5730
11614
3942
7056
7826
8278
6928
26536
20981
12443
7877
6809
4057
1482
23446
7530
8223
4749
7711
4256