962
515
798
574
1041
1419
925
458
2312
2180
1564
686
1520
458
546
1090
953
475
1278
866
392
419
395
655
1451
765
1347
1244
1044
591
1135
782
772
788
688
372
405
889
569
770
564
488
504
456
786
562
1028
452
718
944
714
705
571
1051
484
529
692
727
694
498
798
586
641
892
468
509
807
761
641
686
747
603
652
1125
803
1170
708
1410
886
784
569
929
551
484
611
677
554
1156
592
673
1241
948
748
1337
464
454
576
631
502
814
491
586
899
1302
412
577
1330
1318
659
640
572
627
569
876
866
828
932
1172
1131
705
573
746
1147
709
783
554
1221
488
668
478
511
667
585
735
897
1121
546
907
430
598
827
423
791
511
556
791
468
792
410
1499
837
364
504
995
1251
927
537
812
1174
536
729
1142
639
1267
518
1489
777
632
1552
1254
1354
849
1216
623
679
669
552
642
565
829
691
1219
833
921
796
1330
1048
1646
1132
885
1009
828
971
988
919
1089
1862
1127
520
87
1246
807
533
453
724
916
608
591
579
881
475
602
944
526
1082
904
676
522
505
1072
796
586
578
638
463
618
504
589
484
579
561
850
530
398
819
680
1104
924
506
603
591
785
713
479
526
646
620
529
737
539
522
833
581
741
530
519
511
437
495
679
631
576
608
810
488
789
2528
531
515
919
535
718
678
1140
735
597
817
598
721
495
1202
594
479
815
486
722
996
655
434
778
842
933
987
722
517
687
602
655
1029
501
1602
1041
766
644
841
819
709
770
474
793
1123
777
1996
1223
1553
800
1407
601
1448
513
466
664
748
741
591
926
638
569
556
478
466
678
478
710
797
782
615
689
576
643
549
509
411
1000
635
634
597
638
896
1010
1505
