696
547
806
443
308
953
1202
271
917
930
483
2186
1257
352
506
531
662
637
417
577
421
427
872
435
1595
515
465
348
245
341
560
435
373
329
583
731
291
339
284
281
433
457
433
379
383
294
262
291
693
653
458
505
617
351
507
397
903
599
514
505
435
756
543
474
489
461
737
880
742
796
682
470
665
577
560
773
906
706
601
637
748
684
655
427
497
520
765
806
671
757
778
636
592
1048
458
699
496
736
434
1000
1322
911
615
418
607
750
403
577
703
637
692
426
455
294
254
274
434
399
329
324
650
461
289
361
423
456
600
689
437
897
510
645
579
434
424
563
650
336
724
359
509

688
665
647
507
602
532
380
401
346
510
327
495
901
502
570
676
461
449
485
413
627
507
595
556
544
546
424
454
766
606
584

570
566
460
612
446
578
664
607
822
609
906
701
832
747
431
410
514
356
461
394
410
31
347
416
286
369
435
523
463
576
599

600
436
407
537
585
556
564
491
1148
717
694
487
577
837
431
457
475
549
315
483
689
461
505
774
724
435
630
1443
606
1638
1001

538
527
492
565
431
592
752
968
463
1009
617
692
662
531
613
580
789
678
1081
965
1201
728
1287
1132
1655
1082
1148
1020
818
1015
980

1141
1835
1013
565
201
181
473
724
531
458
742
881
678
726
466
832
465
585
1053
518
1092
948
684
553
508
430
285
314
347
336
219

599
673
501
663
525
615
473
594
576
789
575
523
923
633
427
627
321
620
552
675
608
856
761
554
534
662
668
551
640
603
525
481
553
658
552
499
510
452
613
695
693
581
645
826
510
788
2917
516
492
983
576
779
625
599
706
437
618
714
546
683
500
1072
485
909
519
811
1129
656
433
901
830
806
1449
670
505
702
653
722
1277
523
1621
1164
800
651
929
870
755
747
574
812
1356
857
2399

1099
923
1207
629
1635
467
467
721
727
823
593
921
634
531
631
508
482
712
497
735
898
843
658
753
615
825
635
659
634
1002
655
607
467
438
218
330
329
322
777
