775
515
782
464
1097
1245
321
974
647
203
2120
1440
354
234
841
527
1145
388
444
856
793
412
1327
334
338
269
218
299
553
1221
563
1053
920
825
442
853
569
550
708
679
449
463
607
252
414
582
419
431
395
420
753
551
952
433
712
844
744
760
597
927
454
497
685
818
686
508
734
561
571
798
414
441
633
712
584
603
652
563
577
1004
714
1042
671
1288
817
684
498
908
268
487
549
562
470
936
383
253
215
906
628
478
811
414
422
540
639
414
738
399
538
715
1110
447
566
1124
1089
608
590
502
598
495
727
749
638
824
961
924
575
280
500
351
433
314
263
364
239
321
614
394
556
504
998
480
634
454
467
662
549
570
749
941
472
840
374
531
356
598
340
805
467
486
655
448
690
441
1360
866
407
527
873
1075
856
464
775
1038
477
710
1058
601
1150
495
1389
861
570
1341
1107
1051
754
1145
560
624
609
378
556
530
751
612
1003
839
982
731
1192
956
1580
1033
811
929
784
924
883
818
1015
1555
1008
489
86
959
709
487
458
703
844
571
568
549
803
437
574
1026
495
1096
907
615
464
441
835
622
581
588
633
462
582
488
569
483
559
546
703
513
379
753
544
955
774
523
580
586
806
745
531
506
626
652
531
591
545
489
778
529
631
541
483
489
439
588
674
633
541
652
784
480
743
2886
527
502
914
540
684
620
1010
630
506
700
531
612
472
1056
533
431
825
470
677
1029
592
392
799
803
845
1070
719
486
648
591
668
1084
481
1492
1029
738
624
889
798
681
697
419
788
1160
730
2295
1191
1065
832
1240
621
1466
444
430
640
689
783
574
867
617
504
525
478
443
642
465
639
715
745
515
668
537
666
501
459
414
824
556
558
587
517
668
660
1125
