14219
367617
7178
32531
3645
78437
13958
6369
167060
28584
18867
531
8936
37088
141682
4273
8200
4744
8934
10971
47085
64706
177402
3853
58112
17946
626
17465
912
4482
4539
11528
3650
1821
51983
91093
14009
18953
81324
52451
13020
4025
18733
3877
33918
256082
2857
66272
9788
4632
584025
9256
1302
16770
4002
7376
750
5123
3901
6180
6309
5145
36322
7008
59669
3811
68524
31423
259480
23484
48167
19552
96626
39135
18141
164361
64428
42258
1589
18743
35274
116114
12576
24932
10022
18004
24987
69076
60863
110667
10025
60069
34590
1683
49768
5694
10849
14494
24888
15192
8273
48384
137914
25428
40525
73690
78688
35627
11635
31544
14094
33386
162731
5288
71736
25427
15616
108748
16056
6251
44001
11725
27379
2291
12891
13614
10622
16021
12477
61386
16244
116522
8837
128528
405
5097
141
496
102
1974
338
137
3121
615
413
6
265
798
2247
115
220
121
265
271
939
1177
2588
79
1139
232
19
450
37
83
96
220
110
71
896
2021
248
422
1402
1178
384
151
415
80
758
3704
73
1371
296
163
6679
226
35
449
111
166
14
192
139
143
149
130
733
206
936
116
1568
1251
16102
685
2022
260
5247
1256
893
8556
3062
1270
53
691
2644
7930
469
776
470
883
1046
3975
3498
5992
401
3871
853
60
1712
93
284
425
936
432
201
1935
8555
870
1647
4027
2339
1311
408
1370
476
1502
10934
287
3690
931
619
7115
492
165
1414
455
678
65
568
548
450
733
549
2643
466
4367
323
6484
191
1818
130
355
78
781
222
168
1199
382
264
7
141
344
827
102
143
37
142
217
542
628
985
68
488
146
13
336
35
66
152
198
94
88
258
1529
198
298
550
327
223
77
247
74
188
1236
51
450
180
128
1064
71
31
235
70
174
16
89
123
73
136
133
366
94
557
57
882