11436
7148
256
273080
66575
3076
4108
2917
78
20153
8468
372
2498
3027
59
47364
17037
778
9576
7115
193
3806
2599
109
124345
38506
1453
21061
11501
369
10878
6429
209
347
358
10
5898
3164
99
25307
6889
380
118545
30182
1356
2310
1720
62
4777
3457
140
2703
1507
42
5489
2828
130
6557
3822
129
36833
14722
680
42304
11230
623
107643
20295
874
2141
1618
63
36741
11440
569
10538
5269
128
420
302
9
12710
7795
294
511
679
21
2649
1655
38
2697
1834
64
6675
3830
119
2196
1963
70
1112
1211
30
32119
8794
313
62503
25509
1172
7994
4318
133
14009
7831
247
57544
17802
716
38389
17615
503
7911
4731
197
2344
1772
62
9817
4880
172
2583
2187
64
25345
8259
388
200541
40418
1872
2130
1051
42
53481
19220
761
5630
3417
136
3083
2384
88
339403
29115
1843
8641
4491
141
787
790
14
9569
6150
233
2557
1741
74
3998
3596
112
441
366
18
3283
2210
70
2270
2122
81
4221
1747
87
3833
2464
98
3074
1909
91
25266
11184
401
5459
3250
63
39502
19098
609
2463
1503
54
50122
24554
1048