18207
37523
810
429065
282324
8344
8457
27489
424
38122
54759
1241
4367
23025
182
92895
109736
2909
17636
45306
653
8046
21600
513
204712
187367
4155
37508
74359
1438
21730
48085
759
634
1771
29
11212
21984
433
40055
36372
1066
182372
128565
3565
4678
14578
237
9673
29203
546
5502
11902
221
10532
20098
541
12924
28559
521
62245
77212
2138
78983
66408
1977
206423
118532
2976
4522
12140
244
68286
66869
1928
20444
41227
468
728
1882
36
22422
57245
1116
1085
6824
68
4911
12579
179
5445
17061
286
12634
28089
475
4527
17960
337
2253
9649
141
61991
52334
1085
115847
160209
4183
15978
29597
501
23932
46731
989
98288
84259
2166
64873
86929
1519
16971
41462
821
5098
14083
285
21067
36143
744
4603
16670
229
44060
38726
1043
319511
185460
5186
3771
5844
156
85087
83854
2001
12677
28952
654
5950
18293
409
603790
132740
4847
13019
19213
322
1726
7239
99
20727
48871
1005
4910
13983
247
8654
31466
423
921
2619
55
6236
15207
309
4955
15742
378
7475
12356
284
7585
18569
374
6066
14237
347
45088
72080
1310
9191
18637
261
72129
130218
2350
4704
9936
218
88114
146733
3624