775
406
52.39
515
258
50.10
782
468
59.85
464
279
60.13
1097
636
57.98
1245
262
21.04
321
95
29.60
974
554
56.88
647
366
56.57
203
52
25.62
2120
679
32.03
1440
778
54.03
354
47
13.28
234
117
50.00
841
559
66.47
527
305
57.87
1145
697
60.87
388
243
62.63
444
262
59.01
856
548
64.02
793
515
64.94
412
269
65.29
1327
651
49.06
334
190
56.89
338
181
53.55
269
182
67.66
218
136
62.39
299
202
67.56
553
379
68.54
1221
835
68.39
563
363
64.48
1053
788
74.83
920
649
70.54
825
586
71.03
442
354
80.09
853
636
74.56
569
394
69.24
550
398
72.36
708
524
74.01
679
508
74.82
449
229
51.00
463
258
55.72
607
320
52.72
252
74
29.37
414
226
54.59
582
362
62.20
419
228
54.42
431
261
60.56
395
236
59.75
420
278
66.19
753
487
64.67
551
401
72.78
952
677
71.11
433
305
70.44
712
538
75.56
844
671
79.50
744
375
50.40
760
467
61.45
597
353
59.13
927
585
63.11
454
256
56.39
497
354
71.23
685
477
69.64
818
483
59.05
686
400
58.31
508
286
56.30
734
365
49.73
561
322
57.40
571
360
63.05
798
431
54.01
414
252
60.87
441
279
63.27
633
373
58.93
712
462
64.89
584
348
59.59
603
393
65.17
652
435
66.72
563
391
69.45
577
390
67.59
1004
678
67.53
714
462
64.71
1042
652
62.57
671
451
67.21
1288
876
68.01
817
454
55.57
684
521
76.17
498
400
80.32
908
617
67.95
268
215
80.22
487
299
61.40
549
372
67.76
562
434
77.22
470
347
73.83
936
731
78.10
383
307
80.16
253
190
75.10
215
171
79.53
906
658
72.63
628
449
71.50
478
273
57.11
811
613
75.59
414
318
76.81
422
334
79.15
540
342
63.33
639
386
60.41
414
236
57.00
738
380
51.49
399
229
57.39
538
309
57.43
715
441
61.68
1110
652
58.74
447
320
71.59
566
366
64.66
1124
810
72.06
1089
752
69.05
608
395
64.97
590
429
72.71
502
365
72.71
598
464
77.59
495
360
72.73
727
529
72.76
749
504
67.29
638
422
66.14
824
593
71.97
961
658
68.47
924
545
58.98
575
314
54.61
280
152
54.29
500
303
60.60
351
194
55.27
433
258
59.58
314
129
41.08
263
112
42.59
364
190
52.20
239
104
43.51
321
170
52.96
614
370
60.26
394
190
48.22
556
266
47.84
504
298
59.13
998
667
66.83
480
280
58.33
634
384
60.57
454
275
60.57
467
275
58.89
662
388
58.61
549
343
62.48
570
357
62.63
749
399
53.27
941
614
65.25
472
314
66.53
840
575
68.45
374
265
70.86
531
329
61.96
356
196
55.06
598
359
60.03
340
192
56.47
805
540
67.08
467
318
68.09
486
339
69.75
655
484
73.89
448
298
66.52
690
505
73.19
441
202
45.80
1360
841
61.84
866
517
59.70
407
254
62.41
527
362
68.69
873
563
64.49
1075
722
67.16
856
587
68.57
464
335
72.20
775
549
70.84
1038
737
71.00
477
341
71.49
710
485
68.31
1058
712
67.30
601
436
72.55
1150
760
66.09
495
257
51.92
1389
830
59.76
861
346
40.19
570
357
62.63
1341
832
62.04
1107
731
66.03
1051
720
68.51
754
465
61.67
1145
796
69.52
560
343
61.25
624
457
73.24
609
477
78.33
378
122
32.28
556
417
75.00
530
324
61.13
751
494
65.78
612
415
67.81
1003
598
59.62
839
507
60.43
982
659
67.11
731
488
66.76
1192
714
59.90
956
640
66.95
1580
1140
72.15
1033
749
72.51
811
551
67.94
929
680
73.20
784
549
70.03
924
665
71.97
883
663
75.08
818
651
79.58
1015
605
59.61
1555
1180
75.88
1008
663
65.77
489
365
74.64
86
60
69.77
959
617
64.34
709
446
62.91
487
276
56.67
458
302
65.94
703
432
61.45
844
472
55.92
571
339
59.37
568
297
52.29
549
289
52.64
803
490
61.02
437
235
53.78
574
342
59.58
1026
655
63.84
495
334
67.47
1096
695
63.41
907
515
56.78
615
366
59.51
464
275
59.27
441
232
52.61
835
524
62.75
622
361
58.04
581
379
65.23
588
406
69.05
633
413
65.24
462
298
64.50
582
369
63.40
488
342
70.08
569
337
59.23
483
273
56.52
559
329
58.86
546
355
65.02
703
434
61.74
513
321
62.57
379
206
54.35
753
414
54.98
544
329
60.48
955
579
60.63
774
492
63.57
523
330
63.10
580
367
63.28
586
353
60.24
806
526
65.26
745
471
63.22
531
344
64.78
506
328
64.82
626
434
69.33
652
434
66.56
531
369
69.49
591
399
67.51
545
324
59.45
489
291
59.51
778
442
56.81
529
378
71.46
631
401
63.55
541
370
68.39
483
326
67.49
489
354
72.39
439
280
63.78
588
391
66.50
674
520
77.15
633
467
73.78
541
381
70.43
652
467
71.63
784
555
70.79
480
323
67.29
743
365
49.13
2886
677
23.46
527
357
67.74
502
353
70.32
914
553
60.50
540
318
58.89
684
416
60.82
620
416
67.10
1010
688
68.12
630
446
70.79
506
344
67.98
700
525
75.00
531
361
67.98
612
355
58.01
472
326
69.07
1056
659
62.41
533
341
63.98
431
254
58.93
825
472
57.21
470
321
68.30
677
411
60.71
1029
619
60.16
592
425
71.79
392
242
61.73
799
531
66.46
803
490
61.02
845
577
68.28
1070
650
60.75
719
493
68.57
486
353
72.63
648
453
69.91
591
415
70.22
668
364
54.49
1084
665
61.35
481
382
79.42
1492
812
54.42
1029
588
57.14
738
534
72.36
624
430
68.91
889
627
70.53
798
569
71.30
681
458
67.25
697
478
68.58
419
290
69.21
788
561
71.19
1160
663
57.16
730
509
69.73
2295
1394
60.74
1191
897
75.31
1065
747
70.14
832
533
64.06
1240
897
72.34
621
387
62.32
1466
909
62.01
444
299
67.34
430
289
67.21
640
413
64.53
689
402
58.35
783
470
60.03
574
390
67.94
867
553
63.78
617
389
63.05
504
334
66.27
525
324
61.71
478
335
70.08
443
276
62.30
642
398
61.99
465
280
60.22
639
406
63.54
715
409
57.20
745
484
64.97
515
342
66.41
668
432
64.67
537
369
68.72
666
423
63.51
501
338
67.47
459
335
72.98
414
308
74.40
824
540
65.53
556
404
72.66
558
394
70.61
587
431
73.42
517
384
74.27
668
466
69.76
660
446
67.58
1125
708
62.93