1540
1241
80.58
995
792
79.60
786
668
84.99
666
549
82.43
767
620
80.83
890
705
79.21
661
509
77.00
1293
817
63.19
763
588
77.06
1065
777
72.96
1271
976
76.79
1366
1013
74.16
502
404
80.48
521
394
75.62
585
439
75.04
1597
1241
77.71
1134
850
74.96
633
444
70.14
363
274
75.48
815
603
73.99
671
397
59.17
974
523
53.70
1691
1338
79.12
1513
1226
81.03
1482
1070
72.20
1744
1065
61.07
677
446
65.88
588
400
68.03
1020
823
80.69
955
730
76.44
965
778
80.62
910
692
76.04
811
660
81.38
579
477
82.38
491
395
80.45
722
579
80.19
897
693
77.26
843
661
78.41
644
518
80.43
698
543
77.79
913
680
74.48
806
596
73.95
1199
860
71.73
1020
689
67.55
699
466
66.67
1393
1047
75.16
1549
1143
73.79
867
657
75.78
815
611
74.97
996
716
71.89
1029
746
72.50
1037
647
62.39
864
461
53.36
1065
792
74.37
1779
1409
79.20
930
717
77.10
645
493
76.43
681
544
79.88
504
389
77.18
802
604
75.31
1063
842
79.21
334
250
74.85
1203
826
68.66
801
599
74.78
927
576
62.14
1903
1495
78.56
816
575
70.47
1864
1305
70.01
1300
840
64.62
822
551
67.03
1533
1036
67.58
1285
924
71.91
1811
1125
62.12
672
535
79.61
723
516
71.37
576
395
68.58
1407
923
65.60
465
334
71.83
725
530
73.10
973
731
75.13
647
472
72.95
782
622
79.54
664
525
79.07
896
715
79.80
740
588
79.46
686
554
80.76
533
457
85.74
681
549
80.62
937
775
82.71
902
746
82.71
440
367
83.41
601
517
86.02
1306
1035
79.25
605
444
73.39
377
312
82.76
347
287
82.71
592
465
78.55
754
604
80.11
1064
662
62.22
407
303
74.45
564
419
74.29
574
329
57.32
619
357
57.67
805
518
64.35
1158
872
75.30
943
742
78.69
688
576
83.72
556
448
80.58
1113
888
79.78
1057
884
83.63
1665
1352
81.20
1888
1503
79.61
1407
826
58.71
1255
792
63.11
1194
909
76.13
917
669
72.96
997
694
69.61
884
650
73.53
556
390
70.14
581
355
61.10
522
369
70.69
621
429
69.08
990
650
65.66
703
497
70.70
274
165
60.22
2422
1591
65.69
1992
1373
68.93
840
489
58.21
1474
902
61.19
1354
857
63.29
742
438
59.03
2107
1151
54.63
2170
1262
58.16
1312
851
64.86
209
102
48.80
1232
691
56.09
677
393
58.05
368
241
65.49
797
512
64.24
427
283
66.28
668
470
70.36
523
347
66.35
1911
1297
67.87
658
428
65.05
1152
728
63.19
1398
871
62.30
784
487
62.12
607
423
69.69
2045
1407
68.80
718
511
71.17
789
614
77.82
2015
1307
64.86
1009
585
57.98
1915
1156
60.37
1663
1161
69.81
2213
1266
57.21
2094
1442
68.86
1288
775
60.17
1441
963
66.83
1193
902
75.61
1619
1185
73.19
1994
1293
64.84
2215
1333
60.18
268
170
63.43
1981
1329
67.09
1704
1224
71.83
1330
954
71.73
1013
604
59.62
1516
922
60.82
781
571
73.11
1128
744
65.96
1229
985
80.15
1745
1165
66.76
432
252
58.33
741
464
62.62
1095
602
54.98
569
312
54.83
979
607
62.00
801
328
40.95
543
310
57.09
1645
817
49.67
1858
1359
73.14
1409
995
70.62
1369
1036
75.68
1255
750
59.76
2240
1583
70.67
1686
814
48.28
1563
977
62.51
1293
782
60.48
1268
818
64.51
876
662
75.57
1665
1186
71.23
1489
974
65.41
1190
626
52.61
1524
1062
69.69
1847
1176
63.67
627
418
66.67
1663
971
58.39
1752
1166
66.55
1469
1022
69.57
1306
959
73.43
605
441
72.89
829
633
76.36
745
528
70.87
440
311
70.68
646
434
67.18
1206
836
69.32
487
276
56.67
464
367
79.09
629
388
61.69
1187
695
58.55
688
396
57.56
1056
659
62.41
1315
981
74.60
1588
866
54.53
592
494
83.45
544
430
79.04
938
657
70.04
996
714
71.69
725
575
79.31
781
624
79.90
1177
923
78.42
353
284
80.45
435
323
74.25
688
560
81.40
1210
1026
84.79
673
520
77.27
1428
1137
79.62
1804
1315
72.89
1497
950
63.46
1830
1222
66.78
1484
1233
83.09
1168
806
69.01
1088
681
62.59
1242
932
75.04
1295
803
62.01
1757
1206
68.64
751
574
76.43
992
673
67.84
722
498
68.98
1650
1279
77.52
632
503
79.59
700
369
52.71
2007
1302
64.87
907
603
66.48
1386
959
69.19
1507
1089
72.26
339
190
56.05
1450
1042
71.86
1532
1108
72.32
662
425
64.20
682
395
57.92
1279
658
51.45
654
338
51.68
1388
912
65.71
752
475
63.16
691
445
64.40
655
437
66.72
1035
698
67.44
543
344
63.35
558
324
58.06
848
556
65.57
1178
799
67.83
805
584
72.55
1415
1047
73.99
571
363
63.57
442
212
47.96
859
495
57.63
602
381
63.29
1350
895
66.30
902
516
57.21
1156
838
72.49