40278
28711
71.28
13992
9915
70.86
82899
62879
75.85
15257
11400
74.72
24722
17601
71.20
23419
16447
70.23
9277
7187
77.47
76854
55015
71.58
164423
106414
64.72
130647
83246
63.72
6530
4804
73.57
5398
4068
75.36
6769
4921
72.70
9210
6654
72.25
13163
8960
68.07
20181
14923
73.95
299658
210240
70.16
5115
3139
61.37
14322
10629
74.21
22062
15638
70.88
13966
9792
70.11
13321
9463
71.04
47811
33053
69.13
21796
16939
77.72
9975
7722
77.41
282452
195710
69.29
21327
14937
70.04
161517
115650
71.60
61093
45736
74.86
9119
7124
78.12
27947
19437
69.55
87398
65580
75.04
7631
4737
62.08
18381
11707
63.69
25211
16792
66.61
273816
179882
65.69
106669
69770
65.41
15200
11096
73.00
16046
12519
78.02
85603
59562
69.58
5942
4193
70.57
14386
10040
69.79
15107
10666
70.60
27081
17781
65.66
36782
28698
78.02
8668
6269
72.32
15741
12747
80.98
30706
21624
70.42
60367
41709
69.09
37787
27342
72.36
33413
23428
70.12
186881
141042
75.47
83711
58294
69.64
3544
2619
73.90
65591
46636
71.10
15920
11328
71.16
38635
27528
71.25
26283
17377
66.11
28716
19708
68.63
25152
18396
73.14
17863
14236
79.70
7330
5113
69.75
8011
6337
79.10
8932
6291
70.43