39550
27079
68.47
14318
9423
65.81
71757
51643
71.97
15551
11144
71.66
25462
17428
68.45
22085
14327
64.87
9728
7303
75.07
71756
48892
68.14
169859
112626
66.31
127667
82566
64.67
6739
4790
71.08
5770
3763
65.22
7301
5055
69.24
9404
6802
72.33
13979
9518
68.09
18150
13181
72.62
283507
200849
70.84
5534
3443
62.22
14125
10392
73.57
22764
16035
70.44
13910
9449
67.93
13011
8768
67.39
48397
33724
69.68
22270
17286
77.62
10300
7606
73.84
272063
178022
65.43
20864
13888
66.56
147254
99343
67.46
57740
39584
68.56
8797
6660
75.71
28005
19146
68.37
80015
54599
68.24
8071
5261
65.18
20039
12815
63.95
26136
17584
67.28
250254
158773
63.44
104519
68223
65.27
15835
10311
65.12
16304
12397
76.04
85172
58717
68.94
6488
4873
75.11
13891
9476
68.22
15165
10149
66.92
25948
14082
54.27
34883
25462
72.99
8899
6455
72.54
15813
12525
79.21
30186
21288
70.52
60814
42221
69.43
36446
25769
70.70
34122
23887
70.00
161535
113918
70.52
75962
50636
66.66
4133
2888
69.88
64372
42761
66.43
15825
10837
68.48
37321
25282
67.74
24736
15806
63.90
27703
18884
68.17
26381
18662
70.74
16396
12932
78.87
7633
4879
63.92
7583
5855
77.21
9554
6606
69.14