962
537
55.82
515
306
59.42
798
500
62.66
574
365
63.59
1041
676
64.94
1419
418
29.46
925
549
59.35
458
271
59.17
2312
580
25.09
2180
1293
59.31
1564
809
51.73
686
434
63.27
1520
986
64.87
458
332
72.49
546
356
65.20
1090
706
64.77
953
663
69.57
475
335
70.53
1278
705
55.16
866
490
56.58
392
264
67.35
419
293
69.93
395
286
72.41
655
490
74.81
1451
1102
75.95
765
568
74.25
1347
1099
81.59
1244
998
80.23
1044
847
81.13
591
484
81.90
1135
937
82.56
782
601
76.85
772
613
79.40
788
619
78.55
688
555
80.67
372
197
52.96
405
242
59.75
889
492
55.34
569
351
61.69
770
447
58.05
564
358
63.48
488
296
60.66
504
343
68.06
456
327
71.71
786
552
70.23
562
453
80.60
1028
790
76.85
452
338
74.78
718
576
80.22
944
769
81.46
714
444
62.18
705
468
66.38
571
346
60.60
1051
701
66.70
484
320
66.12
529
403
76.18
692
556
80.35
727
485
66.71
694
437
62.97
498
320
64.26
798
427
53.51
586
344
58.70
641
374
58.35
892
481
53.92
468
256
54.70
509
289
56.78
807
499
61.83
761
527
69.25
641
409
63.81
686
433
63.12
747
500
66.93
603
429
71.14
652
474
72.70
1125
800
71.11
803
545
67.87
1170
700
59.83
708
480
67.80
1410
934
66.24
886
330
37.25
784
558
71.17
569
411
72.23
929
651
70.08
551
395
71.69
484
329
67.98
611
421
68.90
677
516
76.22
554
417
75.27
1156
874
75.61
592
486
82.09
673
489
72.66
1241
873
70.35
948
672
70.89
748
385
51.47
1337
1048
78.38
464
377
81.25
454
366
80.62
576
411
71.35
631
437
69.26
502
277
55.18
814
492
60.44
491
284
57.84
586
351
59.90
899
527
58.62
1302
746
57.30
412
286
69.42
577
363
62.91
1330
955
71.80
1318
860
65.25
659
474
71.93
640
501
78.28
572
456
79.72
627
508
81.02
569
428
75.22
876
663
75.68
866
644
74.36
828
567
68.48
932
706
75.75
1172
732
62.46
1131
740
65.43
705
477
67.66
573
352
61.43
746
449
60.19
1147
713
62.16
709
452
63.75
783
494
63.09
554
386
69.68
1221
782
64.05
488
344
70.49
668
444
66.47
478
333
69.67
511
364
71.23
667
438
65.67
585
394
67.35
735
453
61.63
897
540
60.20
1121
680
60.66
546
340
62.27
907
563
62.07
430
275
63.95
598
344
57.53
827
496
59.98
423
210
49.65
791
520
65.74
511
344
67.32
556
374
67.27
791
561
70.92
468
328
70.09
792
539
68.06
410
164
40.00
1499
864
57.64
837
500
59.74
364
256
70.33
504
321
63.69
995
601
60.40
1251
773
61.79
927
625
67.42
537
385
71.69
812
551
67.86
1174
833
70.95
536
353
65.86
729
492
67.49
1142
761
66.64
639
452
70.74
1267
855
67.48
518
279
53.86
1489
918
61.65
777
368
47.36
632
398
62.97
1552
959
61.79
1254
785
62.60
1354
923
68.17
849
500
58.89
1216
864
71.05
623
400
64.21
679
478
70.40
669
525
78.48
552
290
52.54
642
474
73.83
565
353
62.48
829
547
65.98
691
437
63.24
1219
596
48.89
833
514
61.70
921
649
70.47
796
494
62.06
1330
779
58.57
1048
640
61.07
1646
1175
71.39
1132
793
70.05
885
533
60.23
1009
746
73.93
828
571
68.96
971
721
74.25
988
772
78.14
919
694
75.52
1089
642
58.95
1862
1344
72.18
1127
725
64.33
520
413
79.42
87
69
79.31
1246
760
61.00
807
534
66.17
533
335
62.85
453
312
68.87
724
490
67.68
916
505
55.13
608
329
54.11
591
268
45.35
579
290
50.09
881
585
66.40
475
318
66.95
602
387
64.29
944
663
70.23
526
372
70.72
1082
769
71.07
904
548
60.62
676
394
58.28
522
296
56.70
505
262
51.88
1072
564
52.61
796
423
53.14
586
409
69.80
578
410
70.93
638
453
71.00
463
322
69.55
618
438
70.87
504
375
74.40
589
402
68.25
484
295
60.95
579
352
60.79
561
404
72.01
850
544
64.00
530
376
70.94
398
223
56.03
819
568
69.35
680
428
62.94
1104
685
62.05
924
553
59.85
506
346
68.38
603
431
71.48
591
421
71.24
785
580
73.89
713
497
69.71
479
365
76.20
526
369
70.15
646
506
78.33
620
448
72.26
529
393
74.29
737
523
70.96
539
351
65.12
522
322
61.69
833
501
60.14
581
409
70.40
741
496
66.94
530
420
79.25
519
372
71.68
511
408
79.84
437
309
70.71
495
383
77.37
679
537
79.09
631
500
79.24
576
420
72.92
608
475
78.13
810
622
76.79
488
357
73.16
789
413
52.34
2528
936
37.03
531
387
72.88
515
380
73.79
919
615
66.92
535
341
63.74
718
469
65.32
678
470
69.32
1140
839
73.60
735
547
74.42
597
421
70.52
817
598
73.19
598
421
70.40
721
409
56.73
495
352
71.11
1202
836
69.55
594
411
69.19
479
299
62.42
815
445
54.60
486
296
60.91
722
426
59.00
996
550
55.22
655
388
59.24
434
257
59.22
778
467
60.03
842
445
52.85
933
626
67.10
987
566
57.35
722
517
71.61
517
384
74.27
687
484
70.45
602
416
69.10
655
306
46.72
1029
584
56.75
501
387
77.25
1602
738
46.07
1041
584
56.10
766
541
70.63
644
447
69.41
841
616
73.25
819
597
72.89
709
481
67.84
770
559
72.60
474
349
73.63
793
571
72.01
1123
706
62.87
777
560
72.07
1996
1099
55.06
1223
955
78.09
1553
1113
71.67
800
499
62.38
1407
1108
78.75
601
358
59.57
1448
804
55.52
513
348
67.84
466
326
69.96
664
459
69.13
748
476
63.64
741
487
65.72
591
450
76.14
926
640
69.11
638
461
72.26
569
429
75.40
556
315
56.65
478
349
73.01
466
341
73.18
678
468
69.03
478
322
67.36
710
477
67.18
797
537
67.38
782
534
68.29
615
402
65.37
689
432
62.70
576
395
68.58
643
388
60.34
549
335
61.02
509
326
64.05
411
250
60.83
1000
621
62.10
635
432
68.03
634
397
62.62
597
462
77.39
638
517
81.03
896
718
80.13
1010
773
76.53
1505
1112
73.89