696
310
44.54
547
265
48.45
806
450
55.83
443
201
45.37
308
155
50.32
953
489
51.31
1202

19.80
271
92
33.95
917
433
47.22
930
371
39.89
483
99
20.50
2186
769
35.18
1257
619
49.24
352
84
23.86
506
197
38.93
531
198
37.29
662
272
41.09

172
33.73
637
296
46.47
417
229
54.92
577
266
46.10
421
198
47.03
427
185
43.33
872
421
48.28
435
234
53.79
1595
691
43.32
515
206
40.00
465
165

348
151
43.39
245
108
44.08
341
176
51.61
560
339
60.54
435
264
60.69
373
208
55.76
329
196
59.57
583
328
56.26
731
471
64.43
291
169
58.08
339

56.93
284
156
54.93
281
173
61.57
433
248
57.27
457
290
63.46
433
251
57.97
379
222
58.58
383
225
58.75
294
179
60.88
262
157
59.92
291
173
59.45

148
57.14
693
482
69.55
653
428
65.54
458
255
55.68
505
274
54.26
617
307
49.76
351
85
24.22
507
141
27.81
397
104
26.20
903
299
33.11
599
229

514
242
47.08
505
231
45.74
435
252
57.93
756
459
60.71
543
373
68.69
474
297
62.66
489
352
71.98
461
318
68.98
737
556
75.44
880
609
69.20
742

54.45
796
452
56.78
682
349
51.17
470
243
51.70
665
337
50.68
577
273
47.31
560
327
58.39
773
505
65.33
906
518
57.17
706
341
48.30
601
308
51.25

211
46.27
637
268
42.07
748
343
45.86
684
329
48.10
655
311
47.48
427
180
42.15
497
230
46.28
520
246
47.31
765
350
45.75
806
468
58.06
671
340

757
371
49.01
778
401
51.54
636
383
60.22
592
377
63.68
1048
631
60.21
458
271
59.17
699
361
51.65
496
264
53.23
736
428
58.15
434
240
55.30
1000

51.80
1322
359
27.16
911
498
54.67
615
378
61.46
418
210
50.24
607
378
62.27
750
146
19.47
403
154
38.21
577
159
27.56
703
328
46.66
637
378
59.34

331
57.27
692
411
59.39
426
236
55.40
455
259
56.92
294
162
55.10
254
136
53.54
274
95
34.67
434
212
48.85
399
187
46.87
329
169
51.37
324
159

650
286
44.00
461
200
43.38
289
147
50.87
361
173
47.92
423
298
70.45
456
317
69.52
600
352
58.67
689
345
50.07
437
172
39.36
897
361
40.25
510

42.94
645
293
45.43
579
240
41.45
434
166
38.25
424
201
47.41
563
259
46.00
650
310
47.69
336
146
43.45
724
426
58.84
359
181
50.42
509
268
52.65

271
46.09
688
382
55.52
665
390
58.65
647
461
71.25
507
337
66.47
602
385
63.95
532
350
65.79
380
209
55.00
401
228
56.86
346
196
56.65
510
279

327
161
49.24
495
236
47.68
901
579
64.26
502
241
48.01
570
282
49.47
676
286
42.31
461
186
40.35
449
176
39.20
485
181
37.32
413
152
36.80
627

42.26
507
190
37.48
595
247
41.51
556
149
26.80
544
176
32.35
546
191
34.98
424
130
30.66
454
161
35.46
766
307
40.08
606
229
37.79
584
155
26.54

100
32.68
570
302
52.98
566
240
42.40
460
248
53.91
612
323
52.78
446
240
53.81
578
278
48.10
664
372
56.02
607
330
54.37
822
338
41.12
609
281

906
395
43.60
701
304
43.37
832
385
46.27
747
328
43.91
431
159
36.89
410
148
36.10
514
231
44.94
356
141
39.61
461
166
36.01
394
140
35.53
410

52.20
31
7
22.58
347
109
31.41
416
152
36.54
286
123
43.01
369
146
39.57
435
190
43.68
523
271
51.82
463
268
57.88
576
296
51.39
599
330
55.09

270
54.55
600
298
49.67
436
238
54.59
407
213
52.33
537
248
46.18
585
180
30.77
556
239
42.99
564
290
51.42
491
216
43.99
1148
471
41.03
717
268

694
320
46.11
487
237
48.67
577
244
42.29
837
403
48.15
431
220
51.04
457
266
58.21
475
259
54.53
549
305
55.56
315
159
50.48
483
267
55.28
689

61.54
461
240
52.06
505
309
61.19
774
441
56.98
724
350
48.34
435
231
53.10
630
398
63.17
1443
746
51.70
606
277
45.71
1638
795
48.53
1001
294
29.37

343
51.81
538
294
54.65
527
274
51.99
492
217
44.11
565
269
47.61
431
219
50.81
592
311
52.53
752
326
43.35
968
455
47.00
463
269
58.10
1009
424

617
256
41.49
692
400
57.80
662
411
62.08
531
119
22.41
613
343
55.95
580
320
55.17
789
445
56.40
678
358
52.80
1081
408
37.74
965
484
50.16
1201

48.04
728
321
44.09
1287
539
41.88
1132
600
53.00
1655
1052
63.56
1082
663
61.28
1148
531
46.25
1020
651
63.82
818
465
56.85
1015
590
58.13
980
569
58.06

602
64.94
1141
542
47.50
1835
1107
60.33
1013
474
46.79
565
362
64.07
201
59
29.35
181
95
52.49
473
279
58.99
724
412
56.91
531
271
51.04
458
284

742
433
58.36
881
434
49.26
678
350
51.62
726
335
46.14
466
201
43.13
832
444
53.37
465
248
53.33
585
327
55.90
1053
613
58.21
518
337
65.06
1092

64.93
948
520
54.85
684
349
51.02
553
279
50.45
508
221
43.50
430
167
38.84
285
129
45.26
314
139
44.27
347
117
33.72
336
101
30.06
219
76
34.70

334
58.19
599
378
63.11
673
435
64.64
501
303
60.48
663
407
61.39
525
344
65.52
615
338
54.96
473
262
55.39
594
321
54.04
576
347
60.24
789
418

575
335
58.26
523
234
44.74
923
461
49.95
633
278
43.92
427
198
46.37
627
330
52.63
321
142
44.24
620
312
50.32
552
338
61.23
675
392
58.07
608

57.24
856
575
67.17
761
451
59.26
554
370
66.79
534
340
63.67
662
426
64.35
668
435
65.12
551
360
65.34
640
348
54.38
603
328
54.39
525
271
51.62

178
52.05
481
215
44.70
553
309
55.88
658
357
54.26
552
380
68.84
499
333
66.73
510
357
70.00
452
294
65.04
613
414
67.54
695
484
69.64
693
500

581
390
67.13
645
454
70.39
826
551
66.71
510
333
65.29
788
405
51.40
2917
1295
44.39
516
375
72.67
492
342
69.51
983
598
60.83
576
344
59.72
779

59.82
625
399
63.84
599
375
62.60
706
428
60.62
437
255
58.35
618
342
55.34
714
411
57.56
546
313
57.33
683
301
44.07
500
320
64.00
1072
636
59.33

307
60.31
485
248
51.13
909
494
54.35
519
317
61.08
811
395
48.71
1129
635
56.24
656
353
53.81
433
257
59.35
901
524
58.16
830
458
55.18
806
513

1449
741
51.14
670
476
71.04
505
372
73.66
702
479
68.23
653
424
64.93
722
342
47.37
1277
645
50.51
523
382
73.04
1621
680
41.95
1164
626
53.78
800

68.13
651
434
66.67
929
650
69.97
870
595
68.39
755
484
64.11
747
500
66.93
574
375
65.33
812
570
70.20
1356
786
57.96
857
542
63.24
2399
1285
53.56

878
75.30
1099
748
68.06
923
549
59.48
1207
840
69.59
629
387
61.53
1635
925
56.57
467
305
65.31
467
276
59.10
721
438
60.75
727
418
57.50
823
475

593
395
66.61
921
547
59.39
634
390
61.51
531
348
65.54
631
280
44.37
508
314
61.81
482
275
57.05
712
392
55.06
497
317
63.78
735
404
54.97
898

52.78
843
505
59.91
658
382
58.05
753
414
54.98
615
333
54.15
825
441
53.45
635
309
48.66
659
342
51.90
634
309
48.74
1002
488
48.70
655
366
55.88

382
54.03
607
441
72.65
467
281
60.17
438
226
51.60
218
114
52.29
330
183
55.45
329
159
48.33
322
173
53.73
777
414
53.28