871
747
85.76
538
456
84.76
428
380
88.79
338
291
86.09
432
370
85.65
406
330
81.28
288
238
82.64
344
257
74.71
338
290
85.80
395
316
80.00
651
523
80.34
641
527
82.22
272
228
83.82
212
176
83.02
268
224
83.58
734
615
83.79
489
394
80.57
258
205
79.46
158
134
84.81
315
269
85.40
206
137
66.50
155
94
60.65
890
747
83.93
772
672
87.05
615
498
80.98
452
324
71.68
235
179
76.17
189
153
80.95
526
449
85.36
425
360
84.71
497
420
84.51
414
335
80.92
418
362
86.60
259
230
88.80
255
211
82.75
325
276
84.92
409
334
81.66
429
364
84.85
322
270
83.85
321
269
83.80
374
298
79.68
350
287
82.00
458
359
78.38
354
265
74.86
226
166
73.45
582
488
83.85
681
540
79.30
378
308
81.48
324
264
81.48
384
309
80.47
340
269
79.12
279
206
73.84
210
124
59.05
438
354
80.82
816
678
83.09
403
329
81.64
281
235
83.63
298
255
85.57
217
179
82.49
335
272
81.19
453
380
83.89
146
119
81.51
437
336
76.89
339
267
78.76
232
163
70.26
1013
851
84.01
305
241
79.02
728
582
79.95
377
291
77.19
289
219
75.78
493
393
79.72
533
429
80.49
508
386
75.98
308
260
84.42
287
231
80.49
214
166
77.57
445
343
77.08
186
148
79.57
311
251
80.71
405
332
81.98
283
215
75.97
393
327
83.21
354
300
84.75
440
370
84.09
366
304
83.06
343
293
85.42
322
287
89.13
429
363
84.62
568
482
84.86
450
388
86.22
248
210
84.68
324
286
88.27
663
543
81.90
227
178
78.41
237
203
85.65
186
160
86.02
283
231
81.63
469
385
82.09
15
6
40.00
179
146
81.56
211
177
83.89
15
8
53.33
38
22
57.89
219
155
70.78
506
409
80.83
442
372
84.16
349
298
85.39
330
285
86.36
601
514
85.52
584
505
86.47
890
770
86.52
892
760
85.20
346
199
57.51
357
239
66.95
460
375
81.52
247
195
78.95
300
235
78.33
333
251
75.38
183
133
72.68
38
19
50.00
132
103
78.03
52
43
82.69
251
187
74.50
167
122
73.05
48
30
62.50
418
298
71.29
364
284
78.02
128
80
62.50
32
13
40.63
34
13
38.24
186
138
74.19
169
84
49.70
398
276
69.35
379
281
74.14
23
9
39.13
235
162
68.94
35
20
57.14
85
62
72.94
242
177
73.14
136
99
72.79
188
148
78.72
152
116
76.32
410
313
76.34
30
22
73.33
26
10
38.46
95
69
72.63
220
168
76.36
165
133
80.61
693
526
75.90
265
210
79.25
214
180
84.11
39
19
48.72
49
28
57.14
520
360
69.23
520
398
76.54
320
218
68.13
650
508
78.15
228
149
65.35
299
221
73.91
406
323
79.56
506
394
77.87
130
80
61.54
153
91
59.48
14
8
57.14
92
52
56.52
671
525
78.24
359
279
77.72
18
10
55.56
29
15
51.72
243
208
85.60
293
221
75.43
507
422
83.23
104
65
62.50
82
54
65.85
197
138
70.05
33
17
51.52
38
26
68.42
204
150
73.53
41
14
34.15
121
83
68.60
77
31
40.26
435
342
78.62
112
83
74.11
353
280
79.32
75
41
54.67
460
355
77.17
152
87
57.24
361
267
73.96
279
186
66.67
283
211
74.56
356
289
81.18
638
461
72.26
312
229
73.40
91
62
68.13
194
134
69.07
500
367
73.40
110
76
69.09
256
162
63.28
362
265
73.20
250
182
72.80
306
248
81.05
267
230
86.14
354
318
89.83
275
224
81.45
157
119
75.80
130
100
76.92
396
296
74.75
67
46
68.66
191
165
86.39
92
73
79.35
96
60
62.50
128
87
67.97
274
215
78.47
552
462
83.70
223
139
62.33
305
262
85.90
216
182
84.26
371
278
74.93
397
320
80.60
346
292
84.39
392
337
85.97
558
465
83.33
152
136
89.47
189
150
79.37
326
291
89.26
679
600
88.37
312
261
83.65
761
639
83.97
766
606
79.11
430
314
73.02
645
496
76.90
966
829
85.82
496
377
76.01
263
178
67.68
514
431
83.85
334
228
68.26
564
443
78.55
336
284
84.52
405
305
75.31
254
197
77.56
865
736
85.09
280
232
82.86
57
34
59.65
550
404
73.45
214
162
75.70
455
336
73.85
535
424
79.25
69
43
62.32
613
502
81.89
606
497
82.01
34
20
58.82
20
9
45.00
108
62
57.41
39
18
46.15
432
324
75.00
91
53
58.24
226
171
75.66
220
165
75.00
325
236
72.62
105
75
71.43
23
18
78.26
59
41
69.49
339
263
77.58
370
296
80.00
546
454
83.15
103
73
70.87
24
12
50.00
201
153
76.12
149
109
73.15
379
304
80.21
189
130
68.78
344
286
83.14