299
246
82.27
231
179
77.49
163
133
81.60
153
125
81.70
150
114
76.00
227
182
80.18
160
131
81.88
502
312
62.15
184
145
78.80
333
227
68.17
281
226
80.43
346
251
72.54
128
99
77.34
159
114
71.70
155
113
72.90
421
325
77.20
315
235
74.60
185
125
67.57
106
82
77.36
241
177
73.44
236
136
57.63
423
249
58.87
404
313
77.48
346
274
79.19
431
314
72.85
738
457
61.92
217
144
66.36
192
131
68.23
244
186
76.23
225
167
74.22
235
184
78.30
279
217
77.78
171
133
77.78
153
116
75.82
105
82
78.10
201
162
80.60
215
155
72.09
191
142
74.35
159
130
81.76
191
143
74.87
262
194
74.05
211
150
71.09
362
248
68.51
307
218
71.01
227
152
66.96
344
258
75.00
410
297
72.44
249
193
77.51
232
169
72.84
310
221
71.29
342
250
73.10
396
243
61.36
329
190
57.75
274
199
72.63
449
360
80.18
241
191
79.25
167
122
73.05
178
137
76.97
127
96
75.59
206
155
75.24
305
245
80.33
84
61
72.62
332
220
66.27
204
158
77.45
384
239
62.24
454
350
77.09
222
160
72.07
582
396
68.04
506
324
64.03
250
169
67.60
609
407
66.83
383
255
66.58
737
437
59.29
176
131
74.43
209
155
74.16
158
103
65.19
519
330
63.58
123
88
71.54
198
141
71.21
285
215
75.44
171
118
69.01
179
143
79.89
136
111
81.62
208
154
74.04
156
129
82.69
162
133
82.10
89
82
92.13
115
91
79.13
158
130
82.28
184
154
83.70
73
59
80.82
135
113
83.70
320
255
79.69
169
122
72.19
66
51
77.27
64
52
81.25
157
121
77.07
126
104
82.54
844
564
66.82
105
66
62.86
165
104
63.03
412
271
65.78
433
266
61.43
359
233
64.90
322
246
76.40
245
186
75.92
144
125
86.81
92
70
76.09
228
179
78.51
221
180
81.45
350
282
80.57
478
366
76.57
597
395
66.16
486
338
69.55
330
258
78.18
356
269
75.56
369
256
69.38
270
200
74.07
169
128
75.74
386
253
65.54
202
152
75.25
428
310
72.43
435
286
65.75
273
200
73.26
151
106
70.20
1226
877
71.53
1024
755
73.73
442
270
61.09
1118
743
66.46
1055
721
68.34
289
180
62.28
1311
785
59.88
946
592
62.58
507
333
65.68
125
71
56.80
558
322
57.71
499
318
63.73
179
116
64.80
264
181
68.56
135
98
72.59
250
182
72.80
194
131
67.53
877
623
71.04
492
339
68.90
895
616
68.83
994
643
64.69
319
197
61.76
276
196
71.01
706
513
72.66
217
155
71.43
351
287
81.77
1527
1077
70.53
675
430
63.70
721
452
62.69
588
429
72.96
1112
682
61.33
762
529
69.42
630
413
65.56
637
459
72.06
430
342
79.53
589
470
79.80
1371
964
70.31
1485
977
65.79
196
133
67.86
1430
1024
71.61
494
361
73.08
555
404
72.79
779
507
65.08
1117
761
68.13
287
210
73.17
450
303
67.33
428
352
82.24
1248
902
72.28
188
119
63.30
299
197
65.89
825
503
60.97
381
233
61.15
441
298
67.57
485
241
49.69
235
144
61.28
1064
605
56.86
890
698
78.43
888
673
75.79
666
544
81.68
836
560
66.99
1118
843
75.40
950
498
52.42
680
445
65.44
548
368
67.15
568
390
68.66
281
224
79.72
538
413
76.77
693
494
71.28
708
406
57.34
881
672
76.28
714
473
66.25
292
224
76.71
840
561
66.79
883
634
71.80
812
622
76.60
617
484
78.44
122
80
65.57
246
165
67.07
257
181
70.43
134
93
69.40
310
212
68.39
425
291
68.47
275
173
62.91
154
118
76.62
387
241
62.27
799
503
62.95
347
217
62.54
447
277
61.97
390
277
71.03
832
500
60.10
138
110
79.71
189
151
79.89
301
219
72.76
290
210
72.41
157
118
75.16
168
124
73.81
298
229
76.85
86
62
72.09
117
79
67.52
164
127
77.44
244
203
83.20
175
128
73.14
299
243
81.27
504
372
73.81
542
348
64.21
637
413
64.84
225
184
81.78
307
213
69.38
424
283
66.75
338
242
71.60
496
327
65.93
611
424
69.39
189
142
75.13
294
193
65.65
229
158
69.00
377
274
72.68
182
143
78.57
425
238
56.00
783
536
68.45
364
247
67.86
432
316
73.15
479
357
74.53
139
83
59.71
401
279
69.58
470
329
70.00
471
328
69.64
523
325
62.14
756
440
58.20
412
232
56.31
517
345
66.73
475
324
68.21
244
152
62.30
213
145
68.08
421
295
70.07
254
165
64.96
381
255
66.93
609
428
70.28
422
286
67.77
206
141
68.45
433
307
70.90
290
194
66.90
278
149
53.60
294
163
55.44
224
151
67.41
531
349
65.73
389
244
62.72
446
334
74.89